163505
163524
163534
163559
163579
163597
163628
163644
163678
163698
163780
163803
163809
163816
163852
163880
163891
163907
163981
164002
164036
164081
164100
164117
164285
164322
164340
164373
164405
164430
164441
164527
164540
164601
164690
164749
164765
164794
164862
164894
164903
164907
164945
164948
164969
164977
165009
165052
165066
165074
165087
165094
165104
165117
165165
165208
165223
165314
165341
165359
165385
165417
165425
165452
165456
165474
165482
165498
165551
165564
165569
165660
165684
165695
165708
165710
165716
165720
165721
165737
165744
165747
165760
165802
165840
165867
165904
165907
165908
165911
165912
165939
165947
165963
165974
165980
166019
166029
166070
166087
166137
166233
166270
166284
166309
166333
166336
166455
166496
166524
166526
166532
166569
166584
166591
166599
166632
166642
166699
166714
166767
166794
166810
166826
166875
166891
166907
166921
166934
166951
167041
167053
167063
167073
167076
167080
167099
167101
167110
167139
167187
167224
167226
167295
167354
167404
167406
167445
167447
167452
167463
167466
167526
167537
167551
167606
167643
167666
167719
167720
167729
167738
167756
167783
167785
167794
167907
168000
168127
168140
168142
168156
168171
168181
168182
168204
168210
168237
168242
168322
168325
168326
168362
168396
168421
168438
168446
168450
168468
168501
168504
168551
168562
168585
168618
168619
168625
168632
168640
168641
168659
168665
168668
168671
168688
168706
168743
168783
168809
168812
168841
168846
168848
168858
168875
168883
168890
168893
168960
168968
169132
169148
169164
169167
169168
169169
169179
169193
169246
169268
169271
169289
169337
169346
169432
169437
169461
169508
169522
169531
169532
169538
169582
169616
169622
169639
169664
169703
169710
169732
169734
169744
169765
169794
169801
169837
169847
169872
169945
169966
169998
170026
170040
170097
170136
170170
170198
170222
170229
170247
170266
170284
170287
170293
170295
170304
170322
170323
170328
170356
170360
170369
170372
170375
170390
170410
170411
170428
170431
170464
170466
170481
170507
170514
170557
170581
170634
170665
170676
170677
170701
170708
170716
170778
170794
170823
170883
170911
170922
170925
170932
170961
171003
171007
171026
171029
171042
171053
171093
171147
171183
171274
171282
171382
171410
171412
171417
171450
171466
171488
171536
171538
171620
171679
171757
171760
171803
171913
171947
171949
171963
172052
172088
172160
172170
172199
172212
172217
172249
172267
172270
172277
172323
172339
172354
172376
172389
172401
172407
172414
172430
172456
172460
172465
172473
172475
172509
172517
172634
172636
172644
172646
172660
172665
172675
172679
172695
172720
172743
172748
172751
172753
172758
172767
172810
172842
172870
172881
172927
172955
172962
172982
173027
173030
173035
173052
173106
173120
173135
173165
173168
173185
173217
173291
173301
173374
173429
173437
173455
173462
173572
173579
173582
173618
173621
173663
173715
173748
173799
173824
173832
173958
173960
174058
174085
174086
174103
174111
174155
174184
174208
174221
174242
174267
174275
174283
174335
174365
174477
174535
174592
174697
174728
174755
174770
174832
174841
174858
174954
174959
175018
175025
175079
175100
175115
175116
175121
175177
175213
175303
175315
175336
175340
175346
175389
175429
175432
175436
175445
175450
175456
175465
175483
175499
175515
175531
175532
175536
175567
175712
175766
175823
175848
175863
175892
175905
175909
175919
175933
175941
176001
176070
176086
176148
176228
176239
176335
176346
176369
176370
176394
176401
176447
176475
176483
176489
176496
176545
176608
176616
176662
176676
176679
176700
176708
176762
176790
176804
176825
176861
176912
177083
177187
177195
177205
177211
177233
177250
177252
177519
177540
177589
177616
177662
177665
177669
177686
177704
177730
177733
177740
177766
177841
177851
177878
177880
177917
177919
177943
177949
177950
177984
177999
178055
178063
178095
178103
178119
178121
178185
178204
178214
178252
178338
178368
178399
178566
178651
178652
178776
178784
178789
178803
178819
178822
178864
178882
178899
178911
178925
179006
179010
179109
179116
179135
179138
179173
179223
179224
179255
179281
179313
179364
179383
179395
179402
179495
179504
179507
179556
179566
179619
179675
179687
179698
179740
179805
179811
179813
179820
179830
179874
179902
179931
180003
180040
180063
180189
180229
180264
180280
180358
180385
180389
180392
180407
180477
180499
180504
180554
180636
180639
180640
180682
180688
180791
180792
180838
180846
180859
180934
180977
181108
181141
181180
181239
181291
181310
181336
181360
181395
181409
181447
181465
181466
181477
181495
181550
181557
181565
181570
181650
181651
181652
181671
181682
181711
181721
181727
181781
181798
181837
181848
181860
181884
181905
181963
181970
182003
182012
182020
182081
182146
182196
182207
182235
182261
182264
182270
182271
182309
182396
182446
182480
182492
182503
182505
182621
182633
182643
182658
182670
182687
182705
182751
182765
182812
182838
182903
182930
182941
182942
182946
182958
182979
183001
183007
183020
183082
183094
183098
183127
183141
183198
183240
183248
183252
183253
183267
183276
183301
183323
183372
183412
183421
183455
183470
183482
183485
183542
183561
183572
183599
183600
183609
183616
183624
183636
183704
183777
183809
183863
183876
183893
183894
183900
183901
183906
183907
183911
183957
184003
184021
184056
184079
184086
184110
184114
184158
184161
184229
184248
184288
184318
184321
184324
184369
184437
184443
184491
184525
184528
184547
184603
184608
184662
184687
184746
184800
184802
184807
184831
184878
184891
184906
184921
185002
185016
185088
185097
185109
185129
185130
185172
185226
185243
185293
185301
185317
185321
185356
185413
185453
185469
185476
185504
185507
185543
185581
185612
185649
185665
185734
185751
185758
185789
185804
185812
185875
185902
185910
185982
186057
186059
186133
186134
186147
186154
186157
186177
186187
186251
186302
186309
186311
186332
186367
186407
186421
186515
186618
186640
186641
186754
186762
186768
186792
186819
186838
186857
186881
186928
187015
187068
187094
187119
187129
187170
187189
187198
187229
187235
187262
187274
187280
187281
187286
187328
187353
187354
187364
187371
187488
187551
187552
187588
187631
187637
187675
187683
187698
187727
187767
187799
187879
187897
187901
187906
187946
188002
188004
188042
188065
188070
188072
188192
188210
188279
188293
188322
188331
188340
188343
188388
188430
188482
188577
188627
188659
188686
188721
188747
188766
188797
188802
188836
188837
188880
188905
188912
188928
188937
188958
188964
189014
189020
189023
189072
189189
189211
189268
189269
189280
189341
189382
189491
189500
189524
189547
189593
189646
189685
189691
189713
189714
189746
189764
189819
189959
189962
190036
190045
190070
190080
190127
190215
190219
190237
190239
190251
190271
190362
190387
190395
190402
190441
190466
190488
190495
190520
190584
190673
190770
190776
190794
190798
190812
190843
190863
190919
190944
190957
190970
190978
190980
190982
190994
191065
191123
191179
191244
191255
191276
191284
191336
191360
191375
191383
191428
191438
191439
191475
191551
191570
191589
191593
191602
191623
191632
191636
191651
191660
191664
191672
191704
191710
191718
191726
191734
191748
191752
191754
191761
191800
191843
191846
191849
191898
191908
191973
192030
192060
192064
192084
192085
192122
192187
192244
192257
192272
192392
192393
192415
192416
192466
192487
192604
192637
192653
192687
192734
192747
192764
192774
192777
192791
192810
192825
192867
192876
192879
192888
192903
192928
192953
193015
193022
193064
193094
193099
193173
193175
193206
193249
193285
193299
193300
193336
193358
193387
193435
193493
193532
193583
193623
193642
193708
193714
193719
193722
193791
193841
193852
193889
193891
193892
193967
194021
194063
194070
194090
194170
194208
194222
194302
194438
194445
194454
194459
194473
194476
194496
194529
194542
194580
194581
194595
194648
194730
194761
194791
194847
194947
194975
195010
195118
195196
195225
195245
195252
195310
195311
195359
195374
195415
195440
195451
195455
195487
195490
195493
195496
195533
195540
195541
195550
195574
195622
195630
195636
195700
195704
195712
195722
195753
195839
195844
195850
195857
195917
195926
195938
195940
195953
195970
195980
195981
196045
196069
196072
196101
196119
196126
196154
196216
196232
196313
196315
196320
196322
196325
196362
196458
196460
196464
196465
196481
196494
196496
196515
196538
196544
196557
196614
196619
196622
196626
196669
196670
196672
196823
196851
196859
196872
196906
196925
196941
196944
196985
197018
197046
197058
197067
197084
197090
197189
197242
197265
197316
197389
197401
197420
197436
197446
197468
197504
197620
197669
197730
197740
197741
197769
197778
197799
197801
197851
197853
197906
197915
197933
197942
197964
197994
198000
198016
198057
198130
198146
198157
198162
198175
198182
198222
198239
198245
198306
198310
198347
198354
198356
198363
198425
198431
198521
198575
198601
198605
198673
198693
198728
198754
198764
198833
198876
198912
198921
198924
198937
198957
199015
199038
199044
199107
199162
199203
199284
199332
199339
199359
199369
199385
199396
199401
199459
199464
199466
199485
199518
199521
199533
199534
199547
199560
199602
199603
199638
199679
199701
199758
199776
199798
199814
199917
199926
199974
199976
200030
200171
200219
200232
200666
201050
201270
201274
202152
202870
202894
203204
203595
203642
204008
204110
204291
204387
204556
204635
204743
204841
204949
205128
205161
205170
205315
205777
205799
205858
205897
206184
206234
206237
206390
206433
206565
206744
206925
207115
207912
207980
207999
208256
208364
208407
208617
208804
208890
209048
209215
209245
209352
209400
209878
209945
209950
210059
210214
210561
210718
210906
210938
211325
211499
211638
211999
212123
212498
212560
213007
213022
213095
213132
213298
213432
213764
213850
214199
214220
214283
214373
214970
215006
215061
215361
215997
216140
216536
216938
216977
217088
217253
217433
217806
217919
218076
218116
218129
218385
218657
218791
218898
219166
219324
219507
219607
219811
219945
219973
220098
220159
220562
220703
221065
221100
221188
221402
221482
221499
221562
221638
221647
221725
221753
221799
222081
222154
222380
222531
223012
223203
223320
223349
223376
223649
223679
223929
223985
224055
224200
224236
224340
224566
224666
224960
225268
225346
225385
225411
225548
225676
225706
225751
225841
225994
226049
226063
226079
226107
226336
226735
226994
227090
227112
227469
227516
227578
227612
227745
227853
228121
228207
228319
228389
228456
228605
228824
228838
228843
229079
229270
229303
229307
229527
229559
229579
229642
229760
229775
229902
229974
230424
230530
230921
231002
231020
231102
231282
231575
231592
231661
231727
232273
232397
232444
232632
232806
233472
233505
233679
233697
233751
233777
233936
233976
234428
234517
234618
234675
234774
235102
235678
235764
235848
236419
236438
236455
236560
236625
236900
237340
237532
237799
238283
238536
238717
238916
239004
239024
239227
239396
239665
239753
239940
239984
240117
240294
240324
240621
240633
240656
240829
240882
241079
241282
241295
241335
241407
241677
241811
241966
242017
242320
242407
242485
242699
242991
243097
243328
243378
243549
243638
243661
243800
243915
243937
244632
244670
244997
245004
245303
245404
245466
245469
246119
246539
246718
246721
246876
246878
246964
247137
247206
247208
247241
247362
247554
247593
247730
247847
247852
247907
248120
248224
248720
248867
249121
249309
249392
326815
326890
326923
326957
326980
326986
326998
327008
327035
327053
327081
327122
327141
327175
327187
327230
327250
327253
327260
327267
327268
327305
327321
327334
327347
327361
327368
327385
327405
327473
327504
327517
327532
327534
327580
327586
327610
327704
327749
327754
327782
327783
327814
327815
327818
327823
327845
327849
327903
327915
327921
327923
327964
327984
327993
327996
328011
328068
328089
328120
328128
328242
328254
328281
328285
328287
328317
328325
328359
328387
328391
328396
328417
328433
328455
328466
328470
328484
328496
328498
328514
328528
328542
328557
328583
328596
328609
328635
328659
328679
328683
328696
328715
328717
328737
328762
328792
328835
328839
328846
328864
328875
328882
328888
328906
328949
328951
328978
328988
328995
329000
329013
329018
329040
329067
329088
329095
329103
329108
329121
329123
329125
329179
329185
329204
329211
329228
329336
329355
329407
329430
329449
329460
329480
329484
329489
329538
329546
329558
329631
329651
329679
329708
329738
329759
329790
329794
329804
329827
329842
329854
329856
329863
329874
329902
329915
329927
329928
329932
329941
329977
329995
329999
330008
330056
330078
330124
330178
330185
330186
330199
330200
330202
330207
330233
330247
330251
330255
330265
330288
330306
330312
330318
330328
330357
330379
330398
330406
330427
330458
330524
330542
330551
330618
330627
330679
330682
330734
330803
330812
330829
330832
330835
330850
330968
330970
330983
331112
331131
331136
331190
331228
331234
331242
331256
331259
331283
331287
331335
331365
331434
331438
331444
331449
331452
331520
331544
331576
331578
331597
331675
331703
331704
331707
331739
331754
331809
331816
331838
331863
331864
331881
331950
331958
332029
332035
332094
332095
332103
332104
332137
332151
332203
332231
332269
332285
332289
332315
332316
332349
332376
332402
332416
332511
332536
332569
332600
332635
332640
332669
332710
332728
332767
332822
332830
332843
332890
332993
333010
333015
333016
333026
333068
333101
333102
333114
333119
333123
333126
333155
333203
333252
333263
333275
333294
333314
333323
333334
333452
333460
333462
333464
333486
333557
333580
333591
333624
333631
333701
333709
333731
333747
333760
333767
333779
333807
333814
333817
333831
333832
333858
333880
333885
333915
333923
333924
333990
334008
334027
334033
334036
334039
334040
334088
334103
334144
334159
334180
334193
334212
334217
334249
334268
334273
334291
334335
334337
334351
334372
334436
334475
334502
334535
334571
334588
334603
334658
334684
334714
334726
334740
334748
334756
334776
334777
334791
334857
334865
334879
334886
334899
334939
334948
334952
334977
334984
334991
334996
335009
335063
335067
335075
335082
335089
335092
335104
335144
335164
335179
335192
335222
335233
335259
335336
335347
335353
335357
335403
335412
335450
335455
335483
335495
335511
335514
335518
335561
335589
335607
335644
335654
335672
335682
335694
335697
335742
335756
335773
335779
335783
335796
335834
335857
335887
335904
335917
335946
335953
335955
336020
336043
336044
336046
336056
336076
336096
336117
336166
336185
336287
336288
336321
336339
336384
336432
336440
336467
336471
336474
336526
336529
336546
336564
336573
336578
336592
336607
336621
336624
336628
336661
336668
336689
336723
336796
336802
336819
336854
336860
336871
336898
336925
336934
336956
337024
337045
337046
337058
337135
337166
337192
337202
337209
337226
337244
337259
337290
337328
337411
337422
337435
337466
337510
337521
337530
337536
337568
337575
337577
337592
337593
337604
337618
337629
337659
337701
337705
337730
337751
337809
337841
337843
337846
337860
337898
337904
337965
338049
338071
338138
338140
338152
338173
338216
338228
338299
338348
338354
338356
338375
338381
338383
338403
338415
338469
338494
338517
338536
338545
338561
338591
338599
338617
338625
338659
338681
338710
338725
338734
338748
338764
338766
338771
338774
338775
338791
338809
338834
338965
338973
338989
339063
339114
339127
339180
339200
339226
339251
339252
339333
339355
339360
339368
339380
339438
339443
339470
339507
339574
339585
339594
339635
339641
339648
339718
339729
339741
339756
339769
339842
339875
339882
339890
339915
339923
339931
339975
339976
339991
340009
340081
340097
340102
340134
340136
340142
340162
340179
340190
340202
340269
340321
340345
340348
340366
340380
340384
340389
340411
340419
340435
340436
340454
340458
340460
340469
340470
340504
340533
340543
340545
340588
340633
340636
340648
340676
340693
340707
340741
340743
340749
340788
340797
340813
340817
340823
340879
340885
340888
340895
340902
340907
340926
340929
340934
340993
341010
341065
341089
341091
341092
341098
341105
341106
341135
341176
341195
341224
341238
341256
341279
341376
341378
341417
341438
341489
341539
341546
341644
341646
341652
341659
341661
341667
341704
341711
341732
341771
341793
341805
341814
341838
341859
341862
341898
341902
341905
341945
341968
341974
341985
341989
341994
341999
342007
342036
342044
342074
342095
342111
342137
342146
342209
342213
342237
342248
342249
342275
342296
342332
342334
342350
342377
342387
342419
342445
342464
342478
342484
342486
342569
342571
342572
342575
342578
342581
342637
342645
342648
342664
342690
342692
342730
342754
342755
342793
342804
342852
342865
342893
342895
342900
342910
342929
342930
342968
342971
343036
343046
343067
343089
343118
343123
343199
343225
343226
343236
343255
343262
343293
343310
343328
343338
343366
343373
343383
343440
343475
343493
343496
343580
343582
343600
343616
343624
343635
343639
343656
343702
343724
343767
343778
343783
343822
343831
343858
343874
343891
343906
343937
343940
343947
343967
343983
343999
344002
344016
344020
344023
344026
344097
344166
344190
344206
344225
344308
344317
344318
344342
344369
344390
344393
344394
344405
344410
344415
344443
344463
344519
344545
344603
344605
344626
344700
344701
344710
344824
344829
344843
344850
344876
344910
344930
344936
344954
344965
344985
344994
345000
345061
345062
345103
345130
345131
345139
345161
345170
345192
345199
345229
345238
345261
345284
345289
345296
345308
345321
345375
345416
345435
345450
345451
345454
345466
345469
345505
345532
345536
345560
345605
345747
345751
345773
345783
345794
345800
345814
345819
345872
345939
345952
345958
345969
345991
345994
346001
346011
346020
346037
346089
346117
346121
346132
346148
346205
346254
346318
346338
346351
346372
346384
346485
346498
346509
346531
346541
346550
346599
346605
346612
346623
346630
346641
346649
346708
346712
346715
346727
346765
346771
346785
346834
346836
346880
346908
346917
346918
346956
346969
346980
347035
347040
347106
347131
347164
347179
347213
347231
347297
347306
347355
347426
347449
347486
347521
347523
347604
347607
347643
347694
347696
347757
347813
347821
347826
347834
347843
347876
347908
347909
348011
348018
348027
348066
348082
348125
348188
348190
348212
348220
348253
348304
348309
348330
348331
348363
348379
348396
348413
348418
348439
348479
348481
348496
348561
348587
348607
348654
348668
348670
348715
348728
348752
348774
348800
348868
348869
348891
348897
348903
348955
348958
348983
349006
349031
349041
349042
349047
349071
349076
349084
349175
349196
349203
349211
349226
349232
349257
349274
349332
349334
349344
349353
349357
349359
349363
349365
349378
349436
349441
349447
349492
349515
349525
349530
349552
349553
349561
349563
349595
349700
349701
349703
349767
349782
349802
349845
349866
349893
349899
349914
349933
349972
350002
350020
350050
350073
350195
350308
350384
350398
350465
350501
350540
350600
350636
350773
350816
350824
350911
350977
351019
351029
351080
351094
351184
351189
351493
351580
351637
351640
351709
351803
351820
351873
351883
351900
352108
352117
352229
352236
352301
352389
352467
352474
352626
352630
352638
352707
352850
352900
352991
353054
353082
353129
353175
353199
353204
353343
353374
353379
353392
353448
353555
353591
353594
353937
353957
354114
354236
354490
354543
354617
354722
354735
355050
355083
355179
355194
355295
355439
355649
355702
355816
355899
355911
355942
355958
355996
356280
356349
356483
356643
356721
356767
356819
356858
356973
357047
357332
357535
357580
357585
357628
357737
357758
357760
357787
357803
358001
358016
358165
358257
358442
358452
358554
358687
358868
358880
358914
358971
358988
359047
359122
359191
359257
359295
359368
359392
359431
359489
359500
359503
359518
359580
359608
359641
359653
359708
359722
359726
359756
359764
359924
359944
359954
359970
360005
360079
360168
360215
360406
360494
360496
360550
360619
360732
360795
360811
360812
360840
360864
361054
361214
361244
361297
361309
361347
361354
361383
361393
361412
361442
361464
361512
361665
361743
361959
361982
362030
362067
362162
362172
362175
362200
362204
362205
362226
362284
362408
362493
362562
362568
362612
362635
362892
362946
363215
363255
363258
363263
363359
363429
363443
363499
363634
363683
363867
364014
364176
364216
364270
364370
364511
364760
364811
364829
364849
364895
365145
365345
365364
365444
365446
365497
365500
365889
365973
366062
366063
366149
366200
366357
366416
366470
366472
366473
366482
366615
366651
366662
366673
366701
366777
366780
366809
366817
366834
366953
366990
367322
367659
367673
367679
367743
367835
368066
368099
368163
368166
368240
368276
368332
368418
368461
368573
368580
368598
368639
368678
368832
368851
369023
369025
369045
369089
369167
369323
369390
369469
369611
369616
369690
369939
369986
370017
370083
370108
370124
370126
370223
370348
370369
370551
370667
370682
370692
370811
370828
370837
370870
370922
370928
370966
371095
371316
371395
371594
371644
371711
371931
372237
372358
372379
372391
372451
372469
372548
372697
372700
372756
372838
372972
372992
373109
373144
373216
373372
373433
373438
373451
373482
373538
373546
373649
373654
373761
373769
373831
373842
373958
374012
374032
374167
374225
374272
374286
374477
374507
374508
374538
374550
374598
374653
374797
374893
374914
374946
375170
375289
375292
375508
375613
375631
375638
375747
375828
375983
376246
376292
376453
376459
376576
376675
376680
376863
376916
377025
377101
377152
377219
377260
377367
377401
377482
377539
377638
377732
377878
377917
378046
378084
378210
378234
378358
378402
378411
378450
378490
378516
378581
378692
378782
378923
379201
379209
379265
379349
379390
379456
379486
379940
380057
380137
380145
380273
380287
380366
380452
380453
380458
380524
380672
380722
380728
380852
381395
381494
381500
381550
381622
381748
381965
382310
382322
382363
382425
382442
382448
382451
382556
382703
382722
382844
382863
382892
383110
383124
383194
383338
383443
383460
383610
383734
384009
384114
384140
384157
384243
384278
384285
384300
384323
384361
384372
384415
384442
384512
384601
384629
384709
384717
384739
384865
384914
385026
385213
385229
385281
385362
385480
385533
385536
385541
385674
385766
385844
385925
386063
386072
386233
386314
386394
386565
386572
386595
386618
386700
386729
387053
387143
387163
387166
387197
387236
387264
387272
387323
387340
387446
387488
387521
387535
387567
387708
387719
387840
387843
388036
388109
388129
388167
388195
388388
388414
388511
388593
388672
388688
388723
388751
388835
388873
388908
388991
389095
389115
389203
389299
389464
389649
389691
389879
389886
389896
390273
390396
390408
390465
390467
390548
390872
390913
391025
391226
391352
391518
391587
391591
391676
391773
391845
391915
392035
392048
392060
392110
392116
392214
392291
392306
392339
392529
392589
392596
392616
392668
392955
392978
393009
393040
393107
393131
393613
393758
393784
393809
393822
393841
393989
394030
394034
394058
394089
394103
394145
394178
394196
394213
394255
394376
394476
394575
394723
394756
394935
394944
394945
395026
395086
395094
395119
395124
395345
395459
395568
395572
395588
395735
395811
395956
396151
396233
396241
396389
396644
396771
397050
397168
397188
397341
397384
397423
397460
397539
397576
397707
397811
397933
398079
398288
398719
398724
398794
398808
398871
398973
399062
399076
399106
399135
399328
399638
399701
399734
399752
399806
399843
399889
399896
490146
490149
490150
490179
490182
490226
490240
490249
490257
490274
490277
490291
490298
490318
490343
490359
490375
490392
490410
490419
490440
490447
490448
490487
490493
490494
490522
490554
490568
490579
490595
490653
490654
490662
490679
490728
490774
490781
490793
490800
490836
490920
490958
490961
490965
490982
490983
490992
490998
491001
491002
491021
491039
491043
491045
491051
491064
491066
491075
491082
491083
491095
491111
491134
491142
491144
491150
491164
491172
491180
491183
491193
491214
491263
491280
491290
491301
491322
491324
491351
491367
491368
491383
491385
491391
491410
491413
491438
491444
491476
491498
491521
491522
491549
491550
491624
491679
491704
491720
491771
491820
491839
491853
491866
491874
491880
491881
491884
491918
491919
491938
491948
491952
491955
491979
491983
491994
492002
492019
492035
492063
492074
492088
492098
492103
492110
492125
492171
492193
492201
492205
492210
492257
492258
492264
492275
492280
492289
492302
492308
492317
492331
492351
492372
492376
492394
492410
492419
492438
492448
492463
492488
492497
492514
492524
492606
492615
492635
492638
492654
492660
492675
492703
492705
492725
492771
492774
492789
492807
492810
492817
492821
492831
492835
492848
492885
492890
492923
492947
492954
492967
492988
492995
493001
493016
493036
493054
493058
493070
493076
493085
493111
493117
493136
493138
493145
493151
493162
493169
493174
493189
493201
493230
493243
493253
493264
493270
493288
493370
493416
493434
493461
493464
493476
493481
493501
493505
493506
493517
493547
493556
493567
493573
493601
493613
493630
493641
493656
493707
493713
493728
493742
493748
493765
493769
493785
493792
493816
493843
493859
493870
493886
493891
493893
493896
493919
493947
493970
493977
493985
494025
494029
494045
494047
494049
494069
494088
494114
494122
494134
494148
494157
494183
494197
494198
494207
494209
494213
494224
494225
494264
494282
494284
494288
494303
494306
494308
494312
494325
494327
494330
494352
494380
494392
494403
494414
494422
494431
494452
494454
494471
494488
494516
494521
494523
494526
494528
494532
494537
494549
494557
494558
494561
494585
494599
494612
494619
494634
494651
494659
494662
494674
494713
494724
494762
494771
494775
494793
494795
494808
494827
494836
494847
494850
494858
494897
494901
494934
494940
494957
494971
494988
495005
495013
495051
495064
495067
495104
495119
495121
495142
495147
495163
495181
495186
495188
495201
495213
495258
495261
495283
495288
495323
495357
495368
495373
495422
495469
495475
495495
495496
495513
495575
495589
495604
495654
495660
495682
495723
495733
495752
495770
495788
495839
495841
495844
495847
495862
495877
495893
495899
495901
495973
495977
495981
496020
496028
496030
496046
496062
496078
496104
496113
496116
496135
496139
496162
496176
496207
496215
496223
496251
496258
496278
496308
496317
496322
496344
496362
496372
496382
496391
496399
496415
496432
496446
496455
496492
496508
496516
496542
496596
496650
496669
496682
496688
496691
496701
496728
496737
496776
496894
496931
496937
496939
496949
496984
497011
497049
497051
497081
497084
497108
497121
497152
497154
497163
497168
497176
497179
497187
497193
497206
497209
497228
497254
497256
497257
497336
497340
497341
497451
497452
497454
497487
497503
497515
497538
497540
497544
497578
497580
497642
497646
497676
497740
497749
497789
497853
497862
497885
497905
497920
497927
497930
497941
497973
497992
497996
498013
498020
498025
498075
498082
498084
498099
498107
498112
498116
498131
498141
498142
498158
498164
498220
498227
498252
498253
498294
498301
498319
498326
498331
498344
498347
498421
498425
498434
498468
498473
498486
498488
498551
498571
498572
498582
498607
498646
498677
498682
498762
498779
498786
498791
498796
498809
498839
498840
498863
498868
498897
498913
498941
498951
498965
498973
499002
499005
499016
499017
499040
499073
499095
499109
499117
499139
499170
499184
499206
499210
499227
499249
499253
499275
499299
499366
499373
499403
499409
499413
499434
499437
499462
499465
499469
499501
499530
499568
499569
499571
499580
499608
499632
499646
499683
499685
499707
499709
499726
499736
499742
499747
499748
499765
499766
499767
499787
499792
499836
499837
499844
499845
499873
499882
499885
499891
499896
499905
499906
499918
499919
499921
499969
499970
499980
500121
500128
500227
500242
500256
500279
500291
500295
500331
500388
500445
500466
500552
500594
500714
500802
500808
500859
500922
501044
501064
501074
501213
501358
501381
501391
501392
501413
501456
501478
501505
501528
501582
501621
501622
501642
501649
501671
501691
501792
501804
501813
501820
501843
501904
501943
501978
502012
502015
502045
502064
502076
502191
502203
502242
502251
502285
502339
502353
502358
502386
502404
502555
502616
502652
502659
502672
502716
502736
502761
502924
503070
503093
503267
503340
503457
503465
503468
503512
503528
503539
503551
503578
503595
503602
503673
503752
503767
503782
503819
503878
503905
503995
504071
504195
504206
504239
504309
504317
504321
504363
504416
504441
504446
504504
504575
504581
504595
504826
504842
504943
504957
504961
505045
505071
505072
505165
505191
505211
505240
505315
505337
505424
505473
505483
505661
505690
505719
505725
505734
505759
505770
505773
505824
505826
505857
505858
505859
505911
505937
505949
505984
506007
506019
506049
506083
506115
506126
506178
506191
506245
506272
506322
506348
506398
506508
506546
506554
506595
506600
506685
506706
506775
506807
506869
506882
507019
507039
507067
507080
507143
507202
507223
507416
507465
507515
507577
507715
507806
507873
507876
507914
507943
507976
508004
508027
508028
508059
508063
508137
508166
508183
508219
508236
508435
508437
508446
508495
508556
508562
508581
508620
508642
508651
508680
508686
508776
508795
508809
508827
508882
509010
509046
509078
509323
509393
509470
509479
509533
509567
509599
509636
509662
509744
509886
509944
510028
510136
510172
510285
510301
510340
510358
510380
510384
510404
510497
510516
510561
510660
510685
510745
510759
510914
510984
511033
511050
511088
511135
511137
511195
511201
511204
511222
511248
511339
511368
511376
511389
511498
511508
511527
511545
511550
511566
511578
511592
511620
511796
511864
511899
511959
511977
512050
512064
512065
512182
512213
512246
512315
512394
512406
512429
512442
512446
512463
512496
512545
512560
512596
512663
512684
512691
512822
512823
512853
512941
513013
513018
513026
513103
513129
513184
513189
513201
513241
513261
513360
513493
513562
513655
513692
513695
513703
513754
513781
513840
513850
513875
513935
513939
513943
513976
513987
514007
514093
514113
514155
514191
514237
514370
514392
514503
514529
514555
514622
514633
514646
514701
514712
514731
514750
514785
514789
514892
514934
515015
515085
515104
515123
515139
515242
515350
515369
515403
515413
515426
515453
515517
515714
515721
515753
515885
515888
515896
515907
515917
516029
516080
516102
516113
516124
516126
516139
516263
516309
516324
516336
516363
516403
516431
516452
516488
516559
516619
516628
516648
516719
516730
516774
516831
516840
516886
516924
516940
516996
517026
517107
517123
517156
517250
517289
517315
517329
517334
517384
517413
517439
517510
517543
517558
517600
517617
517680
517711
517805
517941
517944
518082
518128
518194
518237
518312
518368
518447
518454
518487
518518
518529
518730
518781
518801
518857
518923
518945
519024
519093
519161
519186
519281
519403
519441
519526
519580
519633
519738
519774
519840
519864
519893
520113
520198
520311
520341
520371
520374
520389
520431
520474
520560
520594
520609
520875
520927
520948
521032
521053
521085
521182
521214
521239
521241
521268
521369
521370
521391
521403
521415
521492
521565
521664
521771
521814
521817
521860
521867
521868
521889
521970
521997
522012
522079
522091
522142
522229
522268
522557
522591
522593
522684
522828
522917
522969
523030
523038
523142
523251
523267
523346
523372
523438
523499
523548
523557
523561
523621
523719
523743
523791
523902
523917
524062
524123
524141
524201
524224
524226
524231
524234
524289
524304
524344
524410
524417
524438
524449
524487
524499
524501
524517
524552
524595
524613
524703
524794
524842
524848
524890
524908
524954
525028
525037
525107
525148
525236
525240
525265
525288
525339
525370
525454
525466
525471
525515
525525
525776
525937
525971
525992
526008
526014
526015
526067
526098
526211
526249
526264
526280
526302
526353
526366
526479
526491
526532
526564
526603
526791
526824
526931
527030
527087
527138
527182
527267
527282
527300
527313
527321
527447
527511
527595
527634
527648
527655
527670
527715
527766
527804
527860
527956
527978
527997
528077
528090
528130
528139
528143
528169
528297
528321
528343
528397
528472
528482
528531
528558
528580
528583
528601
528821
528846
528908
528934
529026
529070
529094
529107
529181
529202
529257
529321
529401
529498
529556
529599
529627
529636
529677
529722
529752
529847
529870
529919
529971
529987
530020
530046
530127
530174
530205
530213
530237
530253
530266
530268
530391
530408
530557
530646
530700
530706
530744
530795
530797
530987
531006
531087
531103
531120
531216
531236
531239
531322
531327
531342
531531
531577
531618
531657
531802
531848
531873
531896
531898
531986
532033
532049
532154
532191
532223
532254
532262
532265
532308
532316
532328
532461
532549
532607
532648
532652
532684
532769
532857
532952
532972
533022
533105
533106
533128
533145
533154
533161
533216
533224
533259
533344
533347
533425
533432
533435
533446
533483
533518
533531
533604
533613
533655
533768
533835
533892
533901
533935
533972
534039
534067
534083
534216
534228
534234
534363
534384
534459
534560
534641
534648
534661
534700
534773
534786
534835
534872
534894
534918
534939
534968
534995
535009
535032
535037
535115
535122
535172
535195
535328
535402
535431
535461
535555
535601
535618
535621
535623
535648
535654
535681
535684
535702
535737
535926
535929
535937
535955
536005
536016
536088
536089
536090
536097
536196
536258
536359
536576
536577
536619
536633
536735
536789
536938
536970
536974
537002
537039
537042
537125
537133
537149
537151
537167
537175
537207
537216
537255
537303
537306
537322
537342
537428
537432
537445
537460
537498
537535
537595
537608
537641
537662
537777
537811
537836
537958
537967
537989
538022
538068
538097
538140
538150
538172
538184
538261
538300
538335
538336
538358
538360
538444
538454
538479
538480
538485
538492
538520
538543
538581
538589
538682
538712
538733
538887
538941
539019
539094
539122
539125
539230
539240
539264
539311
539314
539422
539455
539466
539480
539592
539602
539740
539777
539822
539943
539947
539969
540041
540066
540110
540172
540250
540300
540317
540386
540418
540449
540516
540542
540671
540752
540775
540786
540852
540890
540891
540973
540988
541039
541044
541137
541221
541252
541337
541349
541475
541635
541654
541706
541719
541751
541777
541825
541829
542018
542081
542181
542208
542347
542403
542447
542478
542509
542583
542685
542688
542767
542805
542852
542903
542987
543018
543107
543111
543122
543139
543145
543151
543184
543353
543445
543476
543494
543683
543797
543817
543890
543935
543970
544190
544228
544259
544313
544328
544339
544391
544458
544480
544490
544581
544634
544661
544667
544672
544684
544754
544860
544920
545027
545063
545073
545080
545127
545138
545146
545152
545207
545241
545246
545265
545289
545296
545332
545370
545397
545418
545547
545601
545801
545814
545828
546042
546113
546187
546188
546227
546228
546236
546263
546269
546317
546328
546524
546528
546561
546595
546763
546860
546911
547027
547088
547099
547231
547241
547424
547461
547490
547566
547602
547694
547766
547844
547995
548045
548104
548133
548161
548166
548310
548482
548515
548543
548595
548770
548785
548807
548975
548991
549022
549225
549234
549251
549279
549471
549504
549513
549542
549550
549567
549583
549643
549702
549736
549754
549840
549844
549982
653317
653361
653375
653377
653445
653450
653555
653563
653653
653683
653689
653717
653727
653780
653894
653962
653970
653981
654033
654049
654074
654083
654121
654167
654264
654292
654304
654328
654334
654397
654411
654439
654453
654461
654489
654504
654568
654576
654578
654599
654623
654634
654678
654778
654790
654811
655061
655062
655087
655137
655153
655196
655241
655253
655263
655266
655293
655296
655356
655358
655374
655381
655488
655583
655598
655608
655705
655722
655761
655806
655834
655871
655896
655965
655977
656140
656172
656193
656204
656301
656359
656387
656405
656428
656438
656463
656506
656572
656584
656646
656685
656695
656698
656740
656767
656823
656850
656887
656930
656947
656948
656965
656976
657012
657028
657042
657050
657058
657060
657136
657140
657141
657162
657186
657188
657299
657322
657345
657371
657377
657438
657489
657507
657623
657697
657729
657745
657756
657771
657814
657868
657909
657954
657998
658025
658045
658123
658127
658128
658132
658137
658138
658164
658308
658312
658356
658370
658396
658472
658528
658555
658564
658669
658769
658809
658869
658913
658926
658949
659056
659059
659082
659170
659184
659231
659265
659308
659313
659362
659397
659410
659421
659463
659486
659523
659573
659630
659666
659738
659769
659778
659866
659887
659901
659939
660027
660065
660122
660149
660193
660221
660244
660273
660322
660324
660353
660359
660378
660392
660405
660417
660461
660493
660586
660587
660685
660745
660776
660816
660824
660842
660849
660878
660881
660902
660908
660913
660925
661010
661048
661068
661103
661110
661116
661233
661248
661279
661300
661307
661319
661331
661382
661388
661436
661450
661462
661464
661467
661571
661612
661628
661657
661850
661895
661897
661902
661910
661939
661942
661962
662152
662184
662272
662409
662421
662566
662606
662713
662757
662771
662789
662864
662882
662925
662938
662981
662990
662998
663069
663088
663151
663167
663189
663301
663321
663324
663377
663405
663412
663485
663556
663561
663628
663629
663678
663708
663757
663804
663834
663843
663859
663900
663928
663947
664082
664096
664098
664160
664168
664175
664358
664389
664458
664461
664486
664498
664535
664548
664554
664619
664656
664683
664691
664770
664798
664829
664869
664901
664971
665089
665299
665310
665316
665339
665365
665481
665504
665505
665514
665689
665715
665774
665818
665843
665879
665894
665952
665954
665981
666006
666048
666054
666079
666116
666132
666145
666180
666238
666299
666335
666397
666517
666553
666572
666650
666674
666692
666693
666745
666785
666787
666933
666960
666986
667018
667038
667058
667105
667208
667288
667297
667307
667318
667368
667401
667410
667476
667511
667522
667561
667572
667648
667686
667728
667760
667761
667768
667774
667776
667791
667803
667819
667947
667961
667990
668012
668023
668029
668063
668075
668079
668305
668307
668323
668348
668450
668457
668499
668520
668562
668581
668589
668599
668604
668625
668668
668684
668690
668692
668707
668722
668723
668760
668800
668832
668834
668854
668911
668950
668965
668973
668976
669011
669037
669042
669120
669142
669146
669162
669165
669189
669274
669309
669335
669376
669382
669390
669416
669418
669456
669511
669529
669585
669586
669596
669647
669652
669669
669680
669714
669752
669768
669807
669849
669880
669984
670014
670021
670087
670097
670109
670163
670183
670194
670247
670296
670333
670334
670359
670382
670489
670506
670534
670544
670613
670725
670754
670772
670789
670845
670858
670865
670867
670870
670874
670931
670960
670964
670965
670968
671043
671058
671118
671122
671172
671175
671200
671321
671371
671372
671402
671424
671495
671511
671578
671602
671635
671686
671752
671758
671766
671774
671810
671823
671842
671875
671876
671879
671884
671937
671961
671962
671982
672027
672170
672221
672259
672343
672368
672377
672428
672436
672443
672464
672466
672481
672488
672503
672504
672536
672546
672558
672568
672605
672617
672625
672692
672761
672762
672808
672836
672850
672852
672895
672898
672970
673009
673031
673077
673088
673090
673160
673163
673218
673232
673248
673260
673288
673303
673321
673391
673403
673422
673448
673481
673490
673495
673531
673548
673570
673571
673579
673638
673648
673690
673723
673801
673827
673858
673862
673870
673889
673891
673903
673916
673956
673971
673982
673985
674023
674042
674199
674200
674248
674266
674301
674310
674331
674363
674598
674638
674666
674737
674763
674785
674801
674825
674836
674852
674853
674904
675088
675152
675237
675269
675294
675305
675312
675378
675381
675388
675466
675485
675500
675514
675529
675620
675704
675719
675748
675773
675801
675820
675906
675926
675947
676070
676108
676121
676124
676162
676206
676224
676252
676279
676291
676306
676317
676319
676323
676328
676351
676370
676399
676438
676454
676470
676515
676568
676587
676611
676654
676702
676703
676787
676824
676846
676873
676889
676951
676982
677151
677190
677284
677301
677350
677353
677383
677427
677436
677444
677446
677491
677500
677526
677593
677609
677640
677647
677759
677789
677865
677997
678004
678009
678031
678062
678101
678107
678155
678252
678253
678412
678464
678530
678558
678584
678597
678646
678653
678676
678682
678684
678721
678725
678727
678739
678901
678902
678912
678950
678988
679039
679058
679061
679063
679070
679129
679227
679230
679233
679243
679266
679334
679335
679347
679350
679385
679402
679420
679424
679480
679524
679531
679559
679594
679603
679604
679646
679684
679748
679809
679835
679842
679851
679857
679867
679869
679888
679911
679915
679973
680015
680074
680081
680082
680108
680190
680198
680212
680294
680334
680351
680381
680397
680399
680434
680449
680475
680580
680649
680693
680711
680730
680766
680809
680831
680844
680891
680898
680919
680954
680961
680983
680994
681038
681039
681076
681162
681186
681206
681284
681295
681306
681308
681320
681399
681401
681407
681417
681452
681464
681474
681534
681589
681605
681620
681621
681623
681648
681654
681668
681679
681700
681705
681721
681727
681793
681952
682037
682114
682192
682260
682287
682418
682438
682459
682467
682481
682509
682568
682597
682605
682612
682634
682711
682740
682777
682787
682792
682796
682843
682869
682902
682916
682973
682986
683052
683069
683070
683072
683167
683182
683188
683256
683310
683321
683352
683356
683410
683471
683482
683483
683537
683546
683708
683794
683870
683876
683910
683926
683944
683960
684028
684039
684090
684111
684125
684155
684187
684270
684272
684273
684291
684296
684349
684359
684407
684419
684430
684501
684513
684517
684536
684549
684559
684563
684582
684585
684659
684688
684722
684750
684800
684818
684905
684925
684937
684978
685029
685041
685111
685143
685187
685248
685249
685309
685315
685366
685405
685432
685528
685571
685595
685626
685632
685636
685689
685719
685753
685771
685998
686003
686027
686040
686051
686142
686164
686193
686224
686234
686250
686311
686372
686380
686392
686405
686414
686457
686501
686510
686570
686641
686646
686673
686697
686709
686727
686783
686822
686843
686860
686861
686880
686917
686984
686987
687016
687110
687131
687183
687193
687200
687203
687217
687222
687230
687265
687266
687313
687315
687358
687441
687482
687514
687544
687567
687588
687604
687625
687626
687635
687665
687763
687828
687845
687877
687932
687949
688011
688021
688053
688129
688183
688215
688319
688341
688402
688404
688463
688529
688679
688745
688751
688817
688824
688887
688897
688934
688953
688982
688991
689012
689023
689024
689067
689164
689222
689234
689241
689399
689406
689529
689545
689547
689563
689575
689577
689586
689630
689734
689737
689779
689787
689804
689807
689843
689893
689924
689931
689941
689960
690011
690033
690110
690113
690130
690185
690195
690261
690329
690355
690357
690358
690421
690427
690607
690616
690630
690632
690690
690694
690720
690734
690744
690769
690787
690866
690873
690938
690980
691066
691086
691104
691137
691188
691224
691243
691297
691305
691507
691516
691577
691613
691614
691669
691796
691820
691823
691846
691866
691876
691918
691922
691929
691958
691987
692023
692049
692120
692183
692217
692270
692324
692461
692860
692864
692898
692975
693000
693009
693051
693095
693187
693197
693208
693214
693309
693316
693329
693331
693410
693414
693421
693430
693463
693561
693589
693614
693618
693647
693740
693752
693799
693824
693832
693862
693872
693978
694002
694028
694076
694084
694089
694093
694128
694136
694147
694150
694157
694197
694232
694311
694352
694367
694369
694392
694410
694426
694465
694516
694535
694544
694599
694602
694620
694638
694650
694679
694722
694730
694757
694814
694842
694868
694887
694902
694966
694984
695037
695060
695140
695176
695192
695201
695207
695252
695253
695284
695353
695396
695402
695513
695526
695546
695643
695763
695805
695834
695844
695864
695901
695911
695918
695924
695980
695996
696079
696113
696181
696183
696196
696211
696256
696259
696297
696341
696342
696354
696363
696421
696451
696478
696484
696509
696510
696513
696519
696571
696575
696583
696586
696617
696685
696716
696719
696723
696767
696770
696832
696841
696859
696873
696967
696995
697014
697071
697087
697097
697121
697178
697189
697217
697270
697292
697302
697306
697386
697414
697447
697451
697506
697663
697702
697778
697854
697877
697899
697971
697973
698013
698025
698027
698074
698082
698113
698125
698130
698156
698160
698165
698240
698252
698268
698319
698370
698445
698449
698450
698489
698507
698538
698560
698569
698570
698626
698635
698639
698698
698700
698714
698760
698769
698771
698775
698847
698873
698896
698932
698954
698963
698968
698982
698983
698984
699030
699039
699062
699126
699154
699165
699170
699193
699233
699260
699280
699285
699322
699323
699332
699351
699381
699385
699388
699404
699546
699575
699646
699653
699685
699754
699787
699790
699831
699845
699946
699954
699970
701830
703601
704399
704559
705116
705574
705843
706764
707524
708399
708594
709074
709569
709662
710451
710633
711764
712110
712734
714665
715507
715563
716448
716476
716602
717263
717269
717430
718025
718218
718296
718349
718780
719155
720319
721110
721443
721519
722085
722409
722437
722537
723796
723922
724840
725059
725484
726209
726327
726347
726624
728258
728265
728456
728528
728704
728835
728887
729747
729946
730935
731991
732140
733277
733903
735382
736441
736821
737611
740535
743670
745428
745620
746414
746712
746937
747456
747929
748783
749146
749752
816556
816558
816586
816666
816701
816706
816708
816750
816764
816766
816829
816830
816843
816858
816895
816935
816944
816959
816991
817006
817021
817050
817069
817070
817077
817091
817166
817182
817206
817220
817299
817313
817325
817347
817360
817365
817369
817392
817400
817418
817446
817470
817506
817515
817525
817550
817556
817561
817613
817721
817723
817735
817744
817761
817806
817832
817835
817857
817869
817879
817880
817888
817926
817987
818007
818015
818056
818066
818098
818119
818150
818194
818217
818274
818286
818291
818330
818336
818356
818384
818420
818439
818451
818457
818458
818473
818499
818509
818525
818546
818564
818649
818693
818700
818705
818709
818782
818831
818838
818847
818897
818900
818954
818965
818996
819006
819058
819117
819134
819137
819148
819171
819178
819217
819229
819275
819276
819292
819295
819301
819342
819390
819396
819442
819446
819450
819473
819474
819476
819485
819523
819546
819556
819573
819575
819580
819606
819665
819714
819717
819720
819725
819784
819786
819831
819842
819843
819845
819861
819891
819964
819975
820003
820038
820051
820067
820070
820094
820096
820105
820115
820136
820149
820150
820177
820187
820249
820300
820346
820366
820386
820399
820408
820466
820469
820536
820544
820593
820604
820651
820658
820694
820724
820779
820811
820831
820846
820860
820872
820880
820974
821045
821073
821085
821088
821187
821200
821207
821212
821238
821254
821273
821299
821305
821306
821320
821325
821332
821334
821352
821385
821388
821544
821596
821644
821669
821702
821760
821802
821815
821961
821964
821965
821978
822005
822020
822039
822047
822049
822069
822094
822133
822247
822266
822278
822313
822319
822329
822352
822365
822398
822403
822459
822462
822474
822559
822610
822629
822641
822697
822718
822728
822780
822808
822825
822844
822859
822871
822875
822880
822932
822978
822979
822980
822984
823015
823070
823086
823140
823161
823172
823232
823250
823251
823253
823307
823355
823357
823381
823385
823444
823462
823498
823576
823594
823599
823602
823638
823645
823660
823673
823700
823717
823745
823771
823800
823807
823820
823828
823841
823870
823930
823931
823963
824006
824058
824061
824076
824118
824128
824143
824195
824216
824268
824288
824319
824418
824453
824457
824476
824513
824560
824571
824620
824659
824738
824770
824796
824797
824854
824868
824880
824956
825006
825022
825064
825068
825174
825189
825250
825266
825269
825299
825343
825409
825420
825445
825447
825499
825502
825529
825530
825533
825537
825581
825587
825640
825679
825698
825767
825769
825770
825780
825805
825812
825823
825827
825887
825922
825924
826007
826015
826092
826140
826215
826224
826225
826250
826291
826300
826303
826320
826365
826378
826404
826442
826466
826468
826472
826508
826513
826581
826611
826621
826625
826631
826662
826710
826788
826808
826835
826869
826894
826914
826951
826967
827029
827030
827032
827036
827080
827105
827113
827131
827139
827170
827284
827302
827310
827320
827364
827390
827410
827432
827445
827469
827511
827518
827640
827655
827664
827683
827697
827699
827739
827756
827795
827875
827926
827974
827982
828027
828071
828095
828121
828144
828150
828160
828176
828188
828190
828194
828236
828237
828240
828249
828276
828296
828306
828338
828360
828373
828394
828506
828545
828554
828560
828641
828653
828752
828768
828790
828807
828828
828839
828880
828902
828917
828926
828930
828935
828953
828979
828989
829037
829049
829059
829103
829110
829201
829227
829287
829295
829344
829355
829388
829398
829423
829459
829481
829489
829510
829531
829555
829575
829629
829630
829667
829717
829723
829729
829767
829776
829857
829890
829917
829959
829980
829994
830043
830111
830125
830157
830160
830173
830184
830187
830216
830273
830280
830294
830325
830337
830353
830358
830427
830434
830455
830483
830519
830540
830593
830631
830634
830637
830675
830680
830712
830723
830734
830759
830773
830776
830796
830808
830811
830835
830844
830851
830858
830867
830907
830913
830923
830935
830963
830999
831034
831046
831067
831142
831158
831167
831174
831184
831210
831219
831227
831272
831298
831345
831383
831402
831427
831431
831444
831460
831462
831463
831465
831468
831471
831537
831564
831565
831582
831658
831659
831695
831703
831776
831789
831801
831836
831855
831868
831875
831889
831891
831903
832033
832055
832094
832105
832109
832117
832135
832162
832204
832246
832256
832261
832299
832384
832400
832403
832408
832427
832456
832563
832565
832573
832582
832658
832726
832737
832783
832796
832845
832865
832874
832939
832973
833013
833040
833063
833064
833071
833082
833097
833098
833111
833120
833139
833140
833153
833166
833222
833223
833227
833250
833296
833303
833327
833332
833338
833341
833348
833354
833410
833462
833481
833482
833568
833580
833581
833585
833592
833614
833643
833648
833657
833664
833711
833754
833803
833816
833835
833873
833878
833884
833909
833929
833944
833946
833954
833974
833980
833983
834002
834029
834052
834056
834073
834093
834106
834137
834146
834160
834165
834179
834216
834241
834261
834289
834326
834351
834446
834457
834458
834494
834529
834538
834573
834579
834604
834638
834693
834694
834756
834763
834777
834826
834833
834851
834863
834879
834889
834913
834925
834947
834969
834986
835033
835093
835098
835121
835192
835193
835207
835208
835223
835254
835255
835275
835294
835350
835378
835390
835412
835419
835440
835444
835558
835564
835597
835648
835672
835691
835695
835701
835713
835738
835756
835762
835835
835873
835894
835900
835940
835974
835983
836021
836046
836129
836171
836185
836201
836289
836299
836354
836363
836398
836399
836405
836414
836437
836439
836477
836521
836534
836541
836553
836602
836640
836663
836706
836733
836778
836800
836824
836826
836833
836874
836892
836903
837024
837036
837043
837056
837057
837073
837107
837153
837277
837304
837350
837389
837393
837407
837409
837410
837435
837452
837475
837573
837660
837716
837718
837844
838009
838055
838072
838095
838188
838255
838305
838385
838396
838491
838494
838510
838527
838530
838536
838542
838589
838624
838633
838711
838723
838772
838791
838809
838826
838881
838888
838903
838930
838935
838940
839051
839090
839104
839138
839139
839145
839157
839179
839202
839267
839280
839372
839374
839415
839447
839465
839491
839495
839503
839533
839582
839620
839653
839676
839697
839731
839742
839749
839763
839854
839876
839915
839924
839926
839959
840011
840019
840042
840048
840064
840094
840116
840153
840170
840189
840199
840265
840271
840274
840356
840384
840396
840443
840461
840473
840520
840564
840587
840623
840642
840656
840675
840709
840780
840786
840886
840898
840919
840926
840929
840950
840981
841038
841049
841052
841096
841103
841172
841223
841309
841357
841360
841362
841363
841399
841414
841432
841451
841465
841487
841490
841506
841508
841539
841557
841571
841574
841596
841604
841609
841639
841643
841657
841771
841777
841816
841846
841847
841892
841961
841970
842005
842043
842072
842098
842122
842172
842234
842247
842299
842310
842313
842334
842388
842396
842489
842526
842551
842557
842617
842621
842666
842683
842708
842712
842719
842763
842772
842822
842869
842903
842921
842927
842949
842963
842974
842995
843003
843013
843042
843063
843150
843175
843202
843271
843286
843302
843321
843370
843409
843420
843450
843523
843602
843639
843675
843677
843703
843712
843758
843780
843792
843802
843821
843832
843840
843862
843869
843904
843939
843955
844046
844097
844108
844123
844132
844151
844162
844163
844164
844188
844192
844220
844253
844281
844296
844301
844369
844372
844422
844423
844431
844432
844486
844527
844534
844570
844572
844615
844627
844628
844657
844756
844782
844835
844903
844943
844994
845005
845046
845139
845179
845183
845193
845293
845329
845355
845407
845417
845431
845477
845499
845521
845572
845589
845597
845600
845607
845611
845655
845657
845739
845780
845828
845876
845900
845910
845940
845941
845947
845958
845962
845988
845992
845993
846037
846060
846089
846101
846112
846141
846173
846201
846210
846219
846237
846240
846243
846255
846260
846279
846301
846322
846347
846360
846384
846399
846400
846419
846430
846446
846466
846488
846496
846514
846516
846569
846575
846619
846624
846628
846686
846735
846736
846780
846784
846799
846852
846903
846907
846908
846917
846981
846992
847001
847086
847118
847125
847150
847209
847220
847221
847251
847268
847284
847288
847360
847412
847424
847427
847431
847449
847465
847531
847540
847549
847551
847653
847679
847683
847705
847716
847736
847741
847748
847757
847863
847887
847890
847925
847953
847967
847987
848028
848077
848089
848115
848121
848130
848219
848287
848294
848306
848326
848378
848408
848433
848467
848504
848545
848572
848610
848749
848752
848754
848779
848781
848790
848804
848830
848904
848997
849033
849065
849120
849124
849130
849150
849192
849197
849214
849235
849288
849289
849307
849318
849374
849384
849401
849406
849415
849441
849471
849489
849498
849536
849537
849560
849576
849579
849650
849676
849741
849746
849784
849822
849845
849856
849956
849957
849966
850011
850176
850453
850926
850965
851082
851165
851166
851201
851482
851560
851567
851576
851635
851704
851824
851845
851846
851879
851940
852051
852052
852058
852071
852160
852266
852439
852442
852478
852485
852525
852651
852653
852929
852930
853016
853246
853604
853680
853690
853824
853845
853888
854751
854903
854966
855295
855632
855667
856015
856030
856123
856605
856632
856883
856944
857019
857207
857283
857567
857675
857722
857872
857957
858077
858308
858314
858683
859306
859835
859837
859949
860351
860376
860570
860691
860803
860872
861044
861079
861135
861232
861340
861345
861473
862041
862074
862594
862614
862714
862772
863004
863012
863066
863069
863417
863430
863679
863739
863840
863863
863967
864007
864053
864072
864081
864502
864572
864698
865079
865168
865178
865179
865479
865552
865638
865790
866399
866630
866715
866790
866818
866858
866998
867302
867554
867663
867975
868007
868061
868124
868206
868260
868283
868518
868521
868650
868774
868811
868815
868866
868914
868933
869060
869102
869179
869231
869493
869666
869735
869976
870182
870238
870269
870593
870775
870789
870837
870969
871017
871229
871298
871518
871601
871859
871958
872008
872083
872089
872135
872151
872197
872266
872309
872584
872703
872868
872873
873372
873435
873464
873669
873801
873940
874093
874187
874399
874435
874446
874720
874764
874847
874950
875034
875138
875258
875281
875394
875444
875675
876107
876378
876481
876573
876741
876843
877153
877373
877490
877642
877860
877953
877999
878110
878370
878525
878708
878826
878876
878951
879005
879066
879116
879181
879286
879403
879712
879844
879925
879998
879999
880125
880272
880348
880460
880580
880826
880867
880889
881005
881298
881428
881455
881557
881874
882105
882115
882317
882411
882523
882700
882757
883049
883070
883084
883246
883658
883740
883803
883812
883927
883944
884067
884188
884343
884380
884799
884908
884998
885019
885114
885334
885799
885802
885881
886006
886532
886611
886777
886812
887106
887397
887527
887651
887716
887792
887903
887986
888065
888121
888133
888352
888457
888524
888767
888816
889105
889280
889313
889409
889507
889530
889606
889677
889857
889909
889945
890096
890169
890378
890529
890570
890751
890752
890931
891119
891413
891477
891603
891800
891884
891970
892017
892219
892278
892520
892526
892581
892583
892912
893037
893137
893171
893195
893392
893565
893639
893965
894063
894228
894323
894482
894538
894579
894670
895046
895185
895530
895604
895844
895974
895996
896238
896263
896346
896415
896461
896470
896547
896585
897335
897391
897701
897994
898062
898402
898429
898461
898770
898889
898898
899111
899167
899190
899204
899227
899333
899809
899917
899935
979810
979814
979824
979835
979836
979852
979878
979880
979883
979886
979893
979902
979929
979930
979960
979965
979971
979978
979992
979996
980014
980029
980059
980085
980106
980110
980117
980141
980147
980198
980204
980205
980210
980258
980290
980292
980309
980317
980325
980357
980361
980362
980377
980426
980442
980489
980496
980542
980544
980551
980586
980607
980632
980689
980717
980754
980767
980782
980803
980819
980832
980842
980854
980862
980870
980879
980880
980896
980939
981006
981012
981030
981060
981066
981077
981081
981088
981105
981134
981200
981208
981233
981278
981296
981304
981313
981317
981327
981338
981356
981369
981420
981456
981458
981468
981474
981485
981534
981552
981555
981558
981590
981597
981622
981627
981643
981646
981659
981747
981767
981779
981824
981837
981846
981873
981876
982040
982065
982075
982103
982161
982166
982214
982237
982240
982296
982305
982330
982342
982348
982370
982434
982496
982501
982516
982585
982594
982626
982664
982667
982680
982688
982748
982790
982800
982804
982810
982820
982824
982832
982835
982840
982855
982864
982876
982883
982917
982922
982964
982986
983010
983065
983069
983086
983099
983101
983102
983106
983154
983239
983252
983323
983329
983337
983349
983354
983361
983399
983409
983415
983447
983453
983474
983477
983503
983509
983542
983615
983629
983651
983658
983674
983679
983758
983765
983790
983803
983817
983824
983826
983855
983858
983861
983893
983897
983899
983925
983965
983977
984013
984014
984057
984064
984119
984127
984129
984132
984172
984196
984239
984254
984255
984281
984308
984312
984330
984356
984372
984415
984422
984441
984460
984465
984473
984506
984524
984541
984551
984559
984560
984563
984579
984600
984624
984630
984640
984654
984665
984701
984748
984749
984778
984782
984787
984798
984799
984819
984822
984824
984841
984869
984881
984901
984921
984939
984958
984972
984994
984999
985002
985003
985051
985069
985101
985108
985112
985125
985148
985190
985204
985208
985217
985240
985241
985256
985281
985318
985336
985356
985362
985391
985413
985425
985428
985439
985478
985500
985541
985545
985559
985583
985615
985621
985639
985664
985665
985682
985685
985688
985705
985709
985723
985731
985754
985757
985763
985769
985790
985802
985848
985890
985907
985927
985965
986017
986069
986071
986127
986165
986198
986203
986244
986246
986257
986265
986269
986282
986321
986330
986354
986376
986402
986425
986447
986520
986570
986586
986598
986600
986605
986614
986649
986653
986658
986661
986664
986665
986666
986699
986763
986768
986776
986796
986830
986851
986869
986873
986886
986911
986938
986958
986964
986997
987024
987033
987095
987101
987117
987136
987140
987147
987204
987212
987244
987245
987319
987322
987329
987330
987393
987398
987416
987417
987435
987439
987465
987518
987539
987553
987558
987614
987615
987618
987626
987658
987671
987678
987739
987758
987787
987803
987815
987824
987830
987864
987886
987934
987936
987937
987982
988002
988017
988065
988098
988103
988105
988130
988134
988182
988204
988245
988247
988300
988328
988340
988382
988388
988402
988413
988444
988451
988454
988455
988471
988477
988517
988518
988553
988557
988562
988576
988611
988619
988696
988710
988788
988789
988790
988800
988829
988837
988840
988843
988851
988904
988923
988950
989009
989026
989036
989060
989076
989086
989090
989098
989114
989124
989149
989170
989171
989186
989199
989215
989232
989262
989295
989331
989335
989350
989356
989419
989465
989469
989472
989489
989494
989513
989521
989525
989531
989601
989652
989655
989672
989753
989778
989801
989849
989855
989882
989883
989895
989917
989958
989992
989999
990022
990048
990061
990095
990132
990138
990144
990167
990185
990203
990221
990236
990246
990254
990263
990280
990287
990294
990307
990337
990351
990373
990381
990392
990402
990467
990470
990477
990491
990501
990538
990570
990579
990613
990652
990660
990728
990759
990807
990809
990817
990849
990854
990927
990971
990986
991000
991002
991027
991030
991031
991037
991079
991095
991123
991242
991264
991318
991343
991398
991420
991450
991457
991463
991486
991487
991488
991546
991552
991589
991596
991643
991695
991710
991722
991780
991816
991821
991851
991861
991936
991941
991962
991969
991978
991982
991994
992028
992036
992042
992066
992098
992111
992123
992166
992180
992191
992204
992238
992239
992243
992245
992268
992284
992314
992398
992407
992445
992449
992461
992467
992504
992515
992524
992565
992570
992571
992576
992590
992594
992617
992630
992634
992652
992660
992663
992684
992716
992725
992738
992740
992756
992787
992804
992807
992830
992861
992878
992885
993062
993079
993090
993116
993119
993131
993137
993170
993177
993181
993182
993183
993205
993215
993236
993257
993286
993303
993312
993338
993344
993383
993400
993421
993424
993487
993501
993507
993553
993554
993561
993580
993589
993596
993610
993656
993693
993710
993713
993738
993755
993844
993857
993912
993926
993936
993952
993962
993973
993998
994072
994101
994111
994176
994186
994214
994243
994258
994276
994278
994282
994286
994297
994323
994359
994363
994371
994391
994403
994447
994459
994525
994537
994575
994597
994609
994639
994653
994691
994734
994748
994770
994779
994787
994874
994899
994956
994970
995013
995018
995055
995079
995082
995085
995093
995122
995131
995149
995183
995185
995215
995227
995242
995276
995286
995312
995371
995500
995511
995523
995542
995586
995591
995629
995638
995658
995685
995694
995701
995704
995705
995713
995746
995755
995778
995808
995818
995821
995824
995896
995903
995905
995912
995925
995958
995979
995986
995989
995993
996005
996016
996040
996045
996105
996182
996225
996238
996244
996260
996262
996263
996286
996287
996320
996321
996346
996349
996368
996369
996453
996458
996467
996475
996479
996505
996510
996529
996566
996591
996592
996602
996639
996649
996654
996661
996673
996686
996696
996749
996789
996835
996870
996890
996918
996944
996964
996967
996987
997010
997016
997027
997096
997105
997110
997113
997135
997155
997172
997193
997197
997218
997276
997279
997377
997415
997433
997442
997462
997473
997497
997523
997598
997708
997712
997736
997766
997800
997808
997831
997884
997891
997907
997912
997921
997922
997940
997949
997953
997984
998006
998007
998024
998041
998061
998072
998087
998105
998125
998126
998145
998157
998158
998163
998175
998191
998217
998226
998238
998245
998247
998263
998265
998289
998307
998319
998353
998356
998367
998412
998423
998427
998435
998438
998485
998486
998488
998500
998537
998552
998563
998574
998643
998653
998692
998695
998797
998801
998859
998864
998897
998899
998901
998936
998948
999008
999010
999025
999081
999082
999145
999158
999168
999185
999191
999205
999255
999259
999290
999327
999328
999349
999360
999422
999427
999453
999463
999465
999468
999479
999486
999498
999520
999544
999550
999563
999621
999693
999744
999775
999783
999801
999818
999819
999844
999919
999929
999982
999990
1000054
1000055
1000170
1000185
1000237
1000343
1000369
1000393
1000396
1000398
1000413
1000567
1000609
1000687
1000709
1000753
1000884
1001207
1001210
1001286
1001304
1001382
1001383
1001430
1001479
1001506
1001649
1001756
1001764
1001811
1001889
1001905
1002216
1002236
1002238
1002310
1002441
1002498
1002559
1002614
1002727
1002737
1002739
1002852
1002890
1002921
1002960
1003038
1003090
1003126
1003188
1003280
1003379
1003449
1003487
1003512
1003522
1003557
1003590
1003677
1003790
1003817
1003827
1003830
1003857
1004004
1004367
1004389
1004486
1004536
1004539
1004607
1004687
1004847
1004850
1004936
1005048
1005052
1005074
1005094
1005125
1005221
1005300
1005320
1005576
1005601
1005615
1005661
1005722
1005789
1005916
1005935
1005965
1005975
1006017
1006077
1006084
1006101
1006155
1006182
1006237
1006288
1006317
1006405
1006656
1006668
1006710
1006839
1006866
1007033
1007160
1007175
1007246
1007334
1007524
1007673
1007701
1007770
1007781
1007793
1007862
1007886
1007963
1007986
1008348
1008498
1008550
1008554
1008560
1008780
1008796
1008899
1008928
1008940
1008962
1009015
1009062
1009101
1009128
1009221
1009302
1009362
1009498
1009505
1009563
1009620
1009704
1009720
1009818
1010026
1010086
1010121
1010166
1010188
1010202
1010275
1010409
1010445
1010531
1010625
1010636
1010729
1010736
1010868
1011122
1011162
1011261
1011286
1011405
1011501
1011520
1011698
1011716
1011761
1011960
1011967
1011980
1012014
1012097
1012111
1012192
1012251
1012262
1012264
1012298
1012305
1012457
1012481
1012638
1012703
1012744
1012752
1012777
1012787
1012804
1012865
1012963
1013024
1013090
1013210
1013313
1013369
1013443
1013454
1013499
1013593
1013670
1013776
1013830
1013848
1013883
1013898
1014002
1014076
1014114
1014129
1014136
1014210
1014224
1014338
1014425
1014465
1014513
1014796
1014978
1014990
1015049
1015055
1015274
1015328
1015409
1015498
1015553
1015576
1015674
1015798
1015843
1015850
1015869
1015879
1015887
1015896
1015901
1015932
1016077
1016135
1016295
1016383
1016411
1016440
1016461
1016528
1016545
1016560
1016619
1016685
1016744
1016852
1016874
1017190
1017276
1017320
1017332
1017339
1017363
1017391
1017430
1017527
1017585
1017675
1017690
1017697
1017777
1017816
1017897
1017948
1018037
1018071
1018128
1018136
1018192
1018221
1018355
1018360
1018538
1018557
1018567
1018964
1018974
1019051
1019130
1019158
1019322
1019614
1019668
1019774
1019902
1019935
1020000
1020010
1020019
1020063
1020106
1020226
1020281
1020286
1020329
1020333
1020527
1020659
1020698
1020751
1021108
1021291
1021300
1021327
1021329
1021364
1021573
1021601
1021627
1021676
1021705
1021829
1021913
1021923
1021924
1021992
1022027
1022030
1022051
1022225
1022411
1022413
1022554
1022581
1022582
1022592
1022599
1022677
1022733
1022749
1022776
1022828
1022877
1023026
1023410
1023480
1023494
1023579
1023582
1023583
1023627
1023822
1023907
1024140
1024188
1024192
1024345
1024413
1024577
1024668
1024688
1024700
1024752
1024769
1024791
1024792
1024832
1025103
1025158
1025184
1025297
1025308
1025449
1025494
1025726
1025741
1025801
1025834
1026014
1026023
1026093
1026147
1026218
1026439
1026445
1026470
1026477
1026549
1026730
1026836
1026912
1027145
1027171
1027253
1027278
1027301
1027312
1027364
1027492
1027514
1027589
1027604
1027620
1027636
1027684
1027754
1027823
1027934
1027937
1027953
1027987
1027998
1028150
1028189
1028303
1028341
1028430
1028475
1028534
1028535
1028668
1028817
1028840
1029033
1029096
1029261
1029274
1029275
1029304
1029370
1029379
1029417
1029513
1029576
1029656
1029658
1029837
1029895
1029914
1029934
1029948
1030021
1030051
1030327
1030442
1030584
1030670
1030780
1030788
1030951
1031066
1031141
1031233
1031385
1031510
1031532
1031625
1031637
1031650
1031704
1031919
1032001
1032007
1032044
1032205
1032260
1032332
1032414
1032521
1032554
1032653
1032694
1032729
1032824
1032916
1033008
1033017
1033035
1033109
1033147
1033245
1033255
1033476
1033622
1033705
1033765
1033770
1033804
1033929
1034205
1034305
1034397
1034504
1034612
1034628
1034807
1034872
1034878
1034966
1035020
1035146
1035147
1035173
1035203
1035308
1035519
1035524
1035687
1035746
1035950
1036200
1036249
1036290
1036466
1036561
1036588
1036611
1036620
1036761
1036868
1036881
1037032
1037075
1037091
1037095
1037149
1037170
1037175
1037207
1037302
1037306
1037411
1037668
1037696
1037835
1038037
1038041
1038214
1038262
1038427
1038434
1038512
1038574
1038576
1038620
1038689
1038691
1038700
1038731
1038956
1038973
1039045
1039138
1039164
1039210
1039240
1039280
1039303
1039489
1039512
1039565
1039569
1039584
1039620
1039622
1039650
1039874
1039942
1039958
1039966
1040067
1040086
1040183
1040277
1040303
1040401
1040438
1040597
1040614
1040693
1040794
1040835
1040839
1040843
1041105
1041352
1041353
1041417
1041421
1041438
1041440
1041472
1041508
1041544
1041550
1041596
1042012
1042066
1042164
1042197
1042285
1042361
1042415
1042474
1042526
1042598
1042664
1042725
1042777
1042787
1042795
1042862
1042887
1043027
1043034
1043037
1043070
1043276
1043393
1043440
1043456
1043539
1043552
1043610
1043687
1043722
1043850
1043910
1043960
1044002
1044182
1044340
1044383
1044403
1044493
1044608
1044815
1044951
1045008
1045068
1045120
1045173
1045310
1045347
1045529
1045650
1045684
1045746
1046015
1046059
1046220
1046329
1046353
1046418
1046422
1046477
1046507
1046787
1046906
1046935
1046950
1047157
1047175
1047302
1047303
1047364
1047407
1047459
1047605
1047612
1047618
1047631
1047659
1048053
1048258
1048315
1048319
1048360
1048408
1048511
1048548
1048621
1048695
1048734
1048736
1048749
1048788
1048789
1048797
1048828
1048944
1048964
1048968
1049012
1049163
1049186
1049198
1049382
1049652
1049659
1049734
1049740
1049780
1049788
1049954
1049990
1049995
